Shop Sign 0.99999976 4596.566619873047 1620.8684921264648 5248.611145019531 1752.0358657836914
Shop Sign 0.9999989 4216.877746582031 1638.6222839355469 4596.1688232421875 1772.3610305786133
Shop Sign 0.9999957 3984.4020080566406 1525.3836822509766 4583.6297607421875 1715.6454849243164
Shop Sign 0.9999932 5638.666076660156 1358.334617614746 5861.410217285156 1452.8662490844727
Shop Sign 0.99997497 5310.000915527344 1438.923454284668 5462.634429931641 1494.1856002807617
Shop Sign 0.9999521 4027.4693298339844 1695.1365280151367 4148.881530761719 1777.6786422729492
Shop Sign 0.9910541 5636.195526123047 1270.3697204589844 5867.325439453125 1346.0388565063477
Shop Sign 0.98624134 3784.5716857910156 1769.8175811767578 3838.2149505615234 1808.811149597168
Shop Sign 0.96691966 3728.136749267578 1725.8207702636719 3783.040237426758 1774.3131637573242
Shop Sign 0.92176497 3717.710952758789 1773.9213180541992 3777.8274536132812 1820.9085845947266
Shop Sign 0.60214764 3871.157684326172 1713.804702758789 3929.3284606933594 1758.2070922851562
